999821208
1549239094
999832216
1549239094
999846946
999821208
999152143
999846946
999981717
1549239094
998725053
999846946
999956871
1549239094
999846946
999710263
999846946
999821208
999821208
999152143
998918173
998725053
999846946
999821208
999776270
999981717
1549239094
1549239094
999846946
999776270
999490164
999152143
999846946
999981717
999821208
1549239094
999821208
999821208
999984201
999846946
999952780
997531152
999981717
999981717
999776270
999981717
999846946
999846946
999821208
999981717
999956871
999821208
1549239094
999152143
1549239094
999952780
999776270
999956871
1549239094
999821208
999821208
999821208
999952780
999776270
999984201
1549239094
999981717
1549239094
1549239094
999981717
999846946
999716512
999981717
999981717
999952780
999846946
999821208
999716512
1549239094
999235961
999821208
999846946
997446511
1549239094
999846946
999821208
999846946
1549239094
1549239094
999984201
997446511
999846946
999846946
999562606
1549239094
999821208
999821208
999004907
999846946
999841674
1549239094
999846946
999821208
999067568
999152143
999152143
999785831
999846946
1549239094
997446511
999846946
999832216
999981717
999846946
989618750
999981717
999554845
998661626
999821208
997672542
999846946
999821208
999490164
999846946
999984201
1549239094
1549239094
1549239094
1549239094
999490164
999981717
999981717
999981717
999490164
999490164
998725053
1549239094
999490164
999821208
999981717
1549239094
999846946
1549239094
999952780
1549239094
999776270
1549239094
999981717
1549239094
999527198
999981717
1549239094
999776270
999846946
1549239094
999776270
999832216
1549239094
1549239094
991172474
999821208
999984201
1549239094
999981717
1549239094
999821208
999271317
1549239094
999846946
999981717
996664155
999846946
999984201
1549239094
1549239094
999776270
999490164
999846946
998725053
999846946
999271317
1549239094
1549239094
999776270
999846946
997612619
1549239094
999152143
999821208
1549239094
1549239094
999776270
999490164
999821208
999952780
999984201
997446511
1549239094
1549239094
999981717
997446511
1549239094
989649353
999776270
999981717
999952780
999846946
1549239094
1549239094
999981717
999776270
999480673
999952780
999846946
998420026
996694925
999152143
999776270
999846946
999152143
999821208
999981717
999776270
999956871
999984201
999846946
999710263
999981717
1549239094
1549239094
1549239094
999821208
999846946
998725053
1549239094
999821208
999846946
999846946
995819213
1549239094
999776270
999152143
999821208
985682915
998490790
1549239094
1549239094
999004907
999821208
1549239094
999343815
999821208
999821208
999821208
1549239094
999952780
999776270
1549239094
1549239094
999821208
997446511
1549239094
998132251
999490164
999846946
999846946
1549239094
999984201
999821208
1549239094
999821208
997036554
999821208
998725053
1549239094
999981717
1549239094
999821208
999821208
999846946
999984201
999821208
999776270
999981717
999490164
999846946
999846946
999490164
999554845
1549239094
999846946
999436111
999952780
999956871
999490164
999846946
999981717
999832216
999846946
999821208
999776270
999821208
1549239094
999821208
1549239094
999649069
998725053
999004907
999846946
999981717
999821208
999490164
999821208
999846946
999776270
999490164
999821208
1549239094
1549239094
999846946
999776270
999785831
999821208
1549239094
997161985
999846946
999821208
999490164
999821208
994818799
999846946
1549239094
999846946
998319965
999981717
999981717
999981717
999776270
999490164
995324688
999984201
998725053
1549239094
999981717
999152143
1549239094
1549239094
999981717
999776270
1549239094
999956871
999846946
1549239094
997699326
999821208
999776270
999479339
999846946
1549239094
1549239094
999490164
999785831
999981717
1549239094
999343815
999776270
948650856
999490164
999956871
999152143
999821208
999981717
999981717
999846946
999821208
1549239094
999785831
999846946
1549239094
999952780
996363944
999846946
996299710
1549239094
999776270
999846946
999984201
999055223
996237646
999846946
999981717
1549239094
999981717
1549239094
999846946
999776270
999152143
998725053
999776270
999956871
1549239094
999776270
997446511
999152143
999846946
999846946
999821208
999846946
999821208
999952780
999846946
1549239094
999821208
999821208
995819213
999490164
1549239094
999846946
999480673
999776270
1549239094
999271317
1549239094
999981717
1549239094
999981717
999821208
997161985
999846946
999981717
999776270
999952780
999055223
999554845
999649069
999952780
999821208
997446511
1549239094
999821208
999851985
999846946
999776270
999981717
999846946
997910310
999490164
998725053
1549239094
999479339
999055223
998823744
999480673
999846946
999981717
998638279
999846946
999846946
1549239094
1549239094
999776270
997446511
998605412
1549239094
999846946
1549239094
999821208
999821208
999013216
999846946
1549239094
1549239094
999956871
999981717
1549239094
999952780
999776270
999952780
999952780
999152143
999821208
999981717
998694556
999984201
999846946
999846946
999981717
999821208
999776270
999479339
999776270
999832216
1549239094
999821208
999846946
999846946
999846946
999981717
999981717
999981717
999981717
999152143
998725053
999846946
999952780
999984201
996299710
999479339
1549239094
999846946
999821208
992602808
999981717
999846946
999846946
999846946
999625028
996299710
999952780
998895012
999776270
999981717
999821208
1549239094
996299710
999490164
999846946
1549239094
999821208
999952780
999776270
1549239094
999846946
1549239094
1549239094
999554845
1549239094
999152143
1549239094
1549239094
999981717
999846946
999984201
999821208
1549239094
999984201
999981717
999846946
999776270
999846946
999821208
999480673
999785831
999776270
998725053
1549239094
1549239094
999981717
999554845
1549239094
999152143
999846946
1549239094
999480673
999490164
1549239094
1549239094
999821208
999846946
999776270
997446511
999821208
999952780
999846946
999776270
999821208
999846946
1549239094
1549239094
999152143
999821208
999981717
999846946
999152143
997446511
999846946
999846946
999821208
999981717
1549239094
1549239094
999846946
999821208
999981717
999846946
999776270
999981717
1549239094
999776270
998319965
999821208
1549239094
1549239094
999984201
1549239094
998725053
1549239094
1549239094
1549239094
1549239094
999821208
999846946
999846946
999952780
1549239094
999821208
999846946
999981717
999776270
999055223
999554845
999956871
1549239094
999846946
999776270
996664155
999846946
999952780
997446511
1549239094
999490164
999846946
999821208
999152143
999710263
998725053
999846946
999776270
999981717
999846946
999952780
999981717
999956871
999776270
999846946
999271317
999776270
999846946
998319965
999821208
999776270
997104026
1549239094
1549239094
999562606
999271317
999776270
999956871
999846946
999821208
999952780
999821208
999821208
999152143
998725053
999952780
1549239094
1549239094
999479339
1549239094
999846946
999846946
1549239094
999271317
999776270
999490164
1549239094
997910310
999776270
999846946
999846946
999055223
999498933
999984201
996450209
1549239094
999981717
999821208
1549239094
999981717
999984201
1549239094
999821208
999952780
999821208
999776270
999956871
999821208
1549239094
999846946
997036554
999152143
997899196
999821208
999776270
999846946
999981717
999821208
999821208
998725053
999498933
999846946
999776270
1549239094
997068121
998717512
999490164
997612619
999821208
999952780
999846946
998717512
999776270
999776270
999821208
999821208
999776270
999846946
999846946
999981717
999821208
999821208
999981717
999776270
999271317
999846946
999776270
999785831
999846946
999776270
1549239094
999846946
1549239094
999846946
999821208
999649069
1549239094
999846946
1549239094
1549239094
999981717
999821208
999846946
999710263
998600537
999821208
999981717
997768891
1549239094
999821208
999490164
1549239094
999846946
999952780
999490164
999956871
999832216
999846946
1549239094
1549239094
999821208
999821208
999776270
999527198
999981717
999562606
939715305
1549239094
999846946
999846946
999785831
998725053
999981717
999271317
999981717
999821208
999821208
900889887
1549239094
1549239094
999981717
1549239094
1549239094
999846946
999846946
1549239094
1549239094
999981717
1549239094
999776270
1549239094
999821208
999952780
1549239094
999846946
999776270
999821208
999776270
999649069
999821208
1549239094
1549239094
1549239094
999846946
999832216
999776270
998725053
998823744
998464772
999832216
999776270
999981717
999152143
999821208
999952780
999821208
999846946
999981717
999981717
998725053
999981717
999846946
999821208
999952780
1549239094
999152143
999821208
996363944
999981717
999776270
1549239094
999846946
999776270
999152143
999846946
996907934
999776270
1549239094
999821208
999981717
999821208
983837824
997133681
1549239094
999821208
999981717
998785399
999981717
999821208
999846946
999490164
999846946
999821208
999846946
1549239094
1549239094
999479339
999821208
998717512
999981717
999821208
999981717
998725053
999846946
999490164
999981717
1549239094
999490164
999981717
1549239094
999846946
996664155
999846946
1549239094
999984201
999846946
1549239094
1549239094
999832216
999490164
999956871
1549239094
999152143
999821208
1549239094
1549239094
999821208
892492215
999952780
999152143
999846946
999821208
1549239094
999846946
1549239094
997684172
999981717
999821208
1549239094
999846946
999846946
999490164
999981717
999821208
999846946
999821208
999776270
1549239094
999981717
1549239094
999490164
999952780
999776270
999821208
999846946
999152143
992507968
1549239094
998717512
999952780
1549239094
999956871
999821208
999821208
999984201
999776270
999981717
999716512
999821208
1549239094
999981717
999846946
999846946
1549239094
999956871
999821208
999821208
1549239094
999952780
969648673
999981717
999152143
999821208
1549239094
999956871
1549239094
1549239094
999490164
1549239094
999821208
1549239094
999776270
999952780
999776270
999846946
999152143
999821208
999981717
1549239094
999956871
999832216
995695350
999368059
999821208
999984201
999981717
999981717
1549239094
999952780
1549239094
1549239094
999981717
999776270
999832216
999832216
999776270
999821208
999776270
999981717
999981717
999821208
999821208
999152143
999821208
999846946
1549239094
999981717
999821208
999821208
999981717
999490164
1549239094
999821208
999490164
999484791
999952780
999846946
999821208
999981717
998894641
999846946
999846946
1549239094
999846946
994818799
999846946
999846946
999821208
999984201
999821208
1549239094
999776270
999776270
1549239094
999846946
999846946
999832216
1549239094
999981717
999981717
999479339
999846946
1549239094
1549239094
997104026
1549239094
999981717
999981717
999846946
1549239094
999981717
999776270
1549239094
999981717
1549239094
1549239094
999490164
999821208
1549239094
1549239094
999846946
1549239094
1549239094
999776270
999821208
999952780
999152143
1549239094
999776270
999981717
999554845
997036554
999952780
999981717
999984201
1549239094
1549239094
1549239094
999832216
1549239094
1549239094
999821208
1549239094
999821208
999846946
999981717
1549239094
999776270
1549239094
1549239094
999981717
997446511
999821208
999527198
999956871
999981717
999649069
999490164
999152143
999776270
999846946
999846946
999846946
999846946
999821208
999981717
999846946
1549239094
1549239094
999981717
999956871
1549239094
999846946
999271317
999846946
997036554
999981717
1549239094
999981717
999554845
989649353
999821208
999152143
999952780
999152143
999776270
997446511
999846946
999343815
999821208
999490164
999821208
1549239094
999984201
999832216
1549239094
997899196
999776270
999981717
999952780
999776270
999821208
999846946
1549239094
999981717
999846946
1549239094
999981717
999846946
999984201
999846946
999846946
999821208
999821208
985351253
1549239094
1549239094
999821208
1549239094
999846946
999480673
999981717
999152143
1549239094
1549239094
999821208
999821208
999821208
999981717
999490164
999821208
999846946
1549239094
998725053
999981717
999846946
998512566
998823744
1549239094
1549239094
1549239094
999554845
999846946
1549239094
1549239094
997104026
999821208
999776270
999821208
999821208
999981717
1549239094
997036554
999776270
999554845
999832216
999821208
999710263
999821208
999846946
998785399
1549239094
999981717
1549239094
999821208
998218685
999490164
999554845
999956871
998725053
1549239094
999841674
999952780
999821208
999981717
999846946
999981717
1549239094
998785399
999821208
1549239094
999981717
999846946
999821208
999821208
1549239094
1549239094
999952780
999625028
999152143
1549239094
999952780
999846946
999821208
999981717
999846946
999981717
999554845
999846946
999152143
998725053
999981717
1549239094
999484791
1549239094
995794048
997899196
997036554
996299710
999821208
999821208
997104026
999981717
999067568
999846946
999832216
999952780
999821208
999821208
999480673
999821208
1549239094
999984201
999981717
1549239094
999981717
999846946
997036554
999832216
999776270
999821208
999776270
999981717
999846946
1549239094
999821208
999821208
999846946
999821208
1549239094
999846946
999554845
1549239094
999004907
999055223
999846946
1549239094
999490164
1549239094
999952780
999125872
1549239094
999821208
1549239094
999776270
1549239094
999984201
999846946
999984201
1549239094
999821208
1549239094
999716512
999490164
999981717
999846946
999846946
999984201
998725053
999981717
999821208
998725053
999821208
999125872
999490164
999490164
999846946
999055223
999821208
999821208
999821208
999981717
999981717
999956871
999776270
999952780
998661626
1549239094
999981717
1549239094
1549239094
999984201
999846946
999956871
999984201
999846946
997446511
999832216
999821208
1549239094
997854561
999984201
999776270
1549239094
999846946
999821208
999821208
999821208
997684172
1549239094
1549239094
1549239094
1549239094
999981717
999952780
999821208
999498933
999981717
1549239094
998725053
1549239094
999846946
1549239094
999984201
999821208
999846946
999490164
999846946
999479339
1549239094
999952780
999981717
999776270
998817934
999846946
999821208
999554845
999846946
1549239094
999821208
999981717
1549239094
999821208
1549239094
999776270
999981717
999981717
999490164
998725053
999981717
999776270
1549239094
999846946
999846946
999776270
999776270
999952780
999821208
999846946
999952780
999479339
999271317
999981717
999776270
990851358
999821208
999152143
999952780
999776270
999776270
997036554
999846946
999952780
999981717
1549239094
999821208
999846946
1549239094
999821208
999821208
999981717
999776270
999152143
1549239094
998725053
1549239094
999981717
999710263
999228759
1549239094
999981717
999981717
1549239094
999710263
999846946
999846946
999490164
999832216
999821208
997899196
999981717
999952780
990938759
999821208
1549239094
999776270
998319965
1549239094
998725053
999956871
999846946
999821208
999984201
999821208
999981717
999981717
999981717
999981717
999776270
999846946
1549239094
1549239094
999821208
999228759
999821208
1549239094
1549239094
999981717
999821208
999821208
982773720
999846946
999846946
998600537
999821208
1549239094
1549239094
1549239094
999981717
999776270
999981717
999952780
999846946
999832216
999776270
999271317
999710263
999821208
999821208
999479339
999821208
999952780
999846946
999821208
999846946
991499915
1549239094
998717512
999776270
999846946
995205109
996719756
999846946
999981717
999952780
999846946
999846946
1549239094
999846946
1549239094
999846946
999846946
999846946
999981717
999821208
999554845
999846946
999271317
999271317
999776270
996664155
999821208
999952780
1549239094
999484791
1549239094
999981717
1549239094
1549239094
999984201
999152143
999776270
999821208
997446511
1549239094
999821208
999821208
999479339
999776270
999984201
999490164
999821208
1549239094
999846946
999981717
999821208
999956871
999776270
999821208
999981717
999821208
999952780
999846946
1549239094
999981717
999846946
1549239094
999846946
1549239094
998535341
999846946
999490164
999952780
1549239094
1549239094
993266269
1549239094
998132251
999821208
999981717
999821208
1549239094
1549239094
999490164
999821208
1549239094
999821208
998605412
999956871
999846946
1549239094
999821208
999981717
1549239094
999821208
999776270
999271317
1549239094
999846946
1549239094
999821208
999846946
999832216
999846946
999821208
999846946
999152143
999821208
998725053
999271317
999490164
999981717
1549239094
999152143
999846946
999846946
998725053
999821208
999981717
999821208
999846946
999490164
1549239094
999952780
1549239094
999981717
999952780
999821208
999981717
999952780
999490164
999984201
997036554
999821208
998307519
1549239094
999981717
999956871
999956871
999490164
1549239094
999952780
998725053
999956871
999984201
999984201
999846946
999776270
1549239094
1549239094
999821208
1549239094
999832216
999846946
999956871
999981717
1549239094
999846946
999152143
999956871
999490164
999821208
999981717
999952780
999710263
999821208
999981717
999981717
999776270
999956871
999984201
999821208
999821208
999821208
1549239094
999846946
999981717
999984201
1549239094
999981717
1549239094
999821208
999981717
999981717
999846946
999846946
999821208
999490164
1549239094
999490164
1549239094
999776270
999846946
998717512
999343815
999952780
999981717
999981717
999846946
999821208
999981717
997899196
1549239094
999821208
999846946
999832216
999821208
999952780
1549239094
999776270
1549239094
999952780
1549239094
999984201
999846946
998475073
999776270
996804666
999821208
999952780
999981717
997104026
1549239094
999981717
999821208
999776270
999846946
999846946
997036554
999776270
1549239094
999981717
999981717
999981717
999846946
999821208
999821208
999846946
999846946
999846946
998894641
999846946
999846946
998823744
999981717
1549239094
999846946
997161985
999821208
999981717
1549239094
999776270
998725053
999821208
999846946
1549239094
999981717
999846946
999776270
1549239094
1549239094
999952780
997036554
1549239094
999821208
999981717
1549239094
1549239094
998725053
1549239094
1549239094
999846946
999821208
999776270
999785831
999846946
999821208
1549239094
999821208
999821208
999821208
1549239094
999776270
1549239094
999490164
999846946
997446511
999984201
1549239094
997776140
999554845
999821208
998785399
998823744
997036554
1549239094
999152143
998357935
999846946
969730702
996382675
1549239094
999846946
998319965
999981717
999846946
999821208
1549239094
998725053
998823744
999490164
999846946
1549239094
1549239094
999271317
999821208
1549239094
999821208
998725053
1549239094
999821208
999821208
1549239094
999271317
999846946
997104026
1549239094
999821208
999846946
999984201
1549239094
999981717
999821208
999846946
999776270
999956871
1549239094
999821208
1549239094
1549239094
999956871
1549239094
999821208
999846946
999956871
999846946
997663953
999821208
999821208
999821208
999821208
999821208
993584691
999952780
999776270
999981717
1549239094
999055223
998918173
999821208
1549239094
999271317
1549239094
999846946
999984201
999152143
999981717
999271317
999785831
998717512
1549239094
999981717
999846946
999981717
999952780
998725053
1549239094
999952780
999152143
999846946
999710263
999152143
999562606
1549239094
999984201
999984201
1549239094
1549239094
999846946
999821208
999785831
999846946
999846946
1549239094
999490164
999846946
999981717
999776270
999846946
999821208
998319965
999821208
999952780
1549239094
999981717
999952780
999984201
999981717
999952780
1549239094
999821208
999984201
999152143
999785831
999846946
999984201
1549239094
998717512
999846946
999832216
999981717
998725053
1549239094
999846946
999952780
1549239094
999821208
999952780
1549239094
999554845
999821208
999490164
999821208
999776270
998420026
1549239094
999846946
999821208
999846946
999821208
1549239094
999152143
999490164
999490164
999490164
999235961
999821208
999952780
999821208
998725053
999981717
999981717
999490164
1549239094
997161985
1549239094
1549239094
999130840
999821208
993398091
999846946
999821208
999981717
1549239094
999821208
998725053
1549239094
999952780
999846946
999776270
999776270
999846946
1549239094
998319965
999981717
999984201
1549239094
998717512
999785831
999821208
999821208
1549239094
999846946
999846946
999821208
999152143
1549239094
999846946
999846946
999981717
999821208
998319965
999846946
999785831
1549239094
999846946
999952780
999821208
1549239094
999846946
999952780
999846946
999498933
1549239094
999952780
999984201
999490164
999846946
1549239094
997446511
999981717
999846946
999981717
999821208
999846946
1549239094
999846946
999821208
999821208
999984201
999821208
999846946
999846946
998429226
999821208
1549239094
1549239094
999490164
999776270
999490164
999984201
999152143
999846946
1549239094
1549239094
999981717
999821208
1549239094
999952780
1549239094
999956871
999846946
999152143
999832216
994663198
999821208
999846946
1549239094
997446511
999152143
1549239094
999821208
1549239094
1549239094
1549239094
999981717
1549239094
999821208
999956871
999776270
999832216
999981717
999832216
1549239094
1549239094
997910310
999846946
998319965
999984201
1549239094
999952780
998725053
999846946
999776270
1549239094
998420026
1549239094
999846946
999776270
999821208
999821208
998725053
1549239094
999776270
999821208
999846946
999490164
998319965
1549239094
999480673
1549239094
998817934
999846946
999821208
1549239094
999271317
998490790
999821208
999846946
999130840
999776270
999952780
1549239094
999846946
999821208
999846946
1549239094
1549239094
999490164
999821208
1549239094
999981717
999846946
999271317
1549239094
999981717
999821208
1549239094
999484791
999821208
892021456
999776270
1549239094
999846946
999952780
999984201
999846946
999152143
999821208
999821208
999846946
999821208
999981717
999490164
999952780
999981717
999981717
1549239094
999952780
999846946
999846946
999821208
999821208
999490164
999981717
1549239094
999846946
1549239094
999821208
1549239094
999952780
999479339
999821208
995746621
999846946
1549239094
1549239094
1549239094
999821208
999055223
1549239094
999776270
1549239094
999616769
999776270
1549239094
1549239094
1549239094
999846946
1549239094
999776270
999981717
999490164
1549239094
999981717
998694556
999984201
999846946
997446511
994509366
999479339
999984201
998837761
999821208
999952780
999776270
999821208
997036554
999271317
999821208
999956871
999821208
999152143
999981717
999152143
999846946
999710263
998661626
999821208
1549239094
999490164
996299710
999821208
999846946
999952780
999271317
1549239094
998327124
999981717
1549239094
999846946
999952780
1549239094
999846946
999851985
997446511
999846946
999821208
996896226
1549239094
999981717
1549239094
999981717
999821208
999004907
999776270
999846946
999981717
999952780
999776270
1549239094
999846946
998958477
999981717
998725053
999776270
997161985
999821208
998605412
999821208
999846946
983837824
999821208
999490164
999846946
999821208
999846946
999271317
999821208
1549239094
999846946
999490164
999832216
1549239094
997446511
999490164
999776270
997278128
999956871
999271317
999152143
1549239094
1549239094
999821208
999821208
999981717
1549239094
999846946
999981717
999846946
1549239094
999776270
1549239094
999776270
999271317
999821208
996965207
999271317
999785831
999055223
1549239094
1549239094
1549239094
999981717
999716512
999984201
1549239094
1549239094
999952780
1549239094
999490164
999821208
999776270
1549239094
998725053
999821208
999981717
999981717
999562606
1549239094
1549239094
999846946
1549239094
999846946
999821208
999846946
999776270
999776270
1549239094
999821208
999981717
959887886
999952780
999981717
997699326
999152143
1549239094
999846946
1549239094
1549239094
995436389
1549239094
999821208
999152143
999152143
999821208
999649069
999152143
999981717
999152143
1549239094
1549239094
1549239094
999952780
999776270
999981717
999846946
999776270
999956871
1549239094
999984201
997446511
999055223
999956871
1549239094
997161985
1549239094
999981717
1549239094
999490164
999055223
999562606
999846946
1549239094
999821208
999952780
999846946
999846946
1549239094
1549239094
999846946
999832216
999821208
999956871
999846946
1549239094
999480673
998823744
999271317
989649353
999981717
999821208
999821208
995375337
999846946
999776270
999846946
1549239094
999821208
999981717
999716512
999821208
998837761
1549239094
1549239094
998725053
996147929
1549239094
999821208
999952780
999846946
999981717
1549239094
983273532
999490164
999821208
1549239094
999480673
1549239094
999984201
999981717
999984201
999710263
999846946
1549239094
999846946
999821208
999152143
998725053
999480673
999271317
999716512
1549239094
1549239094
999821208
998319965
998725053
998725053
999271317
1549239094
999846946
998512566
999846946
999846946
1549239094
999821208
999846946
998725053
999846946
999821208
999776270
1549239094
999821208
999479339
997036554
999821208
993801036
999821208
1549239094
998725053
999821208
999952780
996664155
999776270
1549239094
999984201
1549239094
999846946
999821208
1549239094
999776270
999776270
999821208
999981717
996114911
999984201
1549239094
999984201
999846946
999832216
999821208
998725053
999554845
999821208
999271317
996719756
999821208
999554845
999490164
1549239094
999152143
999846946
999821208
999490164
999846946
999981717
999984201
999821208
999952780
1549239094
999984201
999821208
999490164
999846946
999776270
999846946
1549239094
999490164
997446511
998319965
999981717
999981717
999846946
999956871
999952780
998319965
999984201
999981717
999821208
999956871
999821208
1549239094
999776270
1549239094
998475073
999821208
999152143
999821208
999981717
999981717
999846946
999710263
999821208
999846946
999832216
999846946
1549239094
999846946
999846946
999821208
999821208
1549239094
996299710
1549239094
1549239094
999981717
999821208
1549239094
999490164
999152143
999846946
1549239094
999952780
999956871
999846946
1549239094
999776270
1549239094
999776270
999981717
1549239094
999940068
1549239094
1549239094
1549239094
999271317
999228759
999981717
1549239094
998661626
999785831
999981717
1549239094
1549239094
999952780
996444535
999152143
1549239094
999490164
999821208
1549239094
999981717
999490164
999846946
1549239094
998823744
999981717
999821208
999716512
999846946
999152143
999821208
999785831
999821208
998512566
1549239094
1549239094
1549239094
1549239094
999776270
1549239094
997699326
999821208
999785831
1549239094
999821208
999952780
999490164
999984201
1549239094
999981717
1549239094
999821208
999846946
998725053
999490164
999846946
999716512
999846946
1549239094
998837761
999952780
999952780
999846946
999841674
999984201
999821208
1549239094
1549239094
999981717
1549239094
999554845
999956871
997036554
999821208
999846946
999981717
999984201
999562606
1549239094
1549239094
999776270
999846946
1549239094
999480673
999981717
1549239094
999490164
999952780
1549239094
999846946
999821208
999821208
997446511
999776270
999981717
1549239094
999981717
982773720
999846946
1549239094
999956871
999984201
999776270
999846946
1549239094
999821208
999981717
999952780
999846946
999981717
997036554
999821208
999271317
999952780
999846946
999490164
999984201
1549239094
999776270
1549239094
999821208
999846946
912999935
1549239094
1549239094
999821208
999490164
999981717
999490164
999952780
1549239094
999846946
997446511
999846946
1549239094
999271317
999984201
998725053
1549239094
999554845
999981717
999846946
999821208
999981717
999981717
999841674
999832216
999952780
999981717
999343815
999846946
999821208
999846946
998319965
999846946
999846946
999152143
999984201
997521283
1549239094
999956871
999846946
999952780
999821208
1549239094
999846946
999776270
999776270
1549239094
1549239094
999846946
964786248
1549239094
999271317
999981717
999480673
999952780
999832216
999981717
999776270
1549239094
998785399
999271317
999821208
996299710
1549239094
999984201
999832216
1549239094
999821208
999490164
999821208
977933415
999821208
999821208
999821208
993584691
999821208
1549239094
999152143
999821208
999821208
999981717
999846946
999952780
999981717
999490164
999821208
999956871
999649069
999821208
999821208
999984201
1549239094
999981717
999152143
1549239094
999776270
997446511
999981717
999952780
999981717
999776270
999776270
999152143
1549239094
999846946
999625028
999832216
999952780
999981717
1549239094
999952780
997446511
999981717
997036554
999821208
999846946
999776270
999846946
999846946
999981717
999952780
1549239094
999851985
993801036
999846946
999832216
999776270
999846946
999649069
999821208
999821208
999846946
999821208
999981717
999490164
999981717
1549239094
996299710
999956871
998725053
1549239094
999846946
1549239094
999776270
999490164
999554845
999821208
1549239094
1549239094
999846946
999490164
999776270
999152143
996450209
990938759
999821208
1549239094
999981717
999776270
998837761
999776270
999821208
999981717
999846946
999067568
998717512
999616769
999981717
1549239094
999952780
999981717
999952780
998894641
999846946
999821208
999554845
998725053
1549239094
999984201
1549239094
1549239094
999846946
999562606
1549239094
999152143
999981717
999846946
999821208
999981717
999821208
999821208
999846946
999776270
999984201
999776270
999846946
1549239094
999821208
996299710
1549239094
999952780
999952780
999152143
999490164
999821208
1549239094
999981717
1549239094
999490164
999776270
999490164
999981717
999368059
999821208
999554845
999846946
1549239094
1549239094
999846946
999956871
1549239094
999952780
999776270
1549239094
997036554
999846946
999846946
999490164
999846946
999776270
999984201
1549239094
997161985
999343815
999490164
1549239094
999981717
999984201
1549239094
999821208
999846946
999776270
999776270
999984201
1549239094
999846946
999984201
1549239094
999981717
1549239094
1549239094
1549239094
999271317
999952780
999984201
1549239094
1549239094
999952780
999952780
1549239094
999821208
999952780
999981717
999956871
999821208
999981717
999821208
999710263
999846946
1549239094
990207746
999821208
1549239094
999776270
998725053
999981717
999981717
997446511
997036554
998475073
999981717
999776270
999846946
999821208
999152143
999776270
999821208
1549239094
999776270
1549239094
996450209
1549239094
1549239094
999776270
1549239094
999716512
1549239094
999846946
999776270
999952780
999846946
999846946
999821208
999490164
1549239094
999956871
999152143
999776270
999981717
999984201
999952780
999821208
999981717
999981717
999952780
999981717
999821208
999821208
999821208
998725053
999490164
998725053
999821208
999846946
998725053
1549239094
999785831
998725053
999554845
1549239094
1549239094
999498933
1549239094
999490164
998823744
999776270
998725053
999846946
999152143
1549239094
999490164
998475073
999832216
999952780
999821208
999981717
1549239094
998725053
999152143
999821208
999490164
999981717
999846946
998823744
1549239094
1549239094
999821208
999343815
999055223
997446511
999952780
999846946
1549239094
999821208
1549239094
999984201
999981717
999821208
999776270
999821208
999984201
998725053
1549239094
997446511
999490164
999343815
1549239094
999981717
1549239094
999846946
998420026
999821208
999846946
999981717
1549239094
999821208
993266269
999846946
1549239094
999846946
1549239094
999981717
999846946
999846946
983837824
999984201
999490164
999952780
999981717
999821208
999846946
1549239094
1549239094
1549239094
999776270
999981717
999981717
999228759
999821208
999480673
1549239094
999271317
999846946
999981717
976176089
1549239094
1549239094
997455718
996450209
999821208
999846946
999490164
999821208
999821208
999821208
1549239094
999776270
999981717
999846946
999984201
999776270
999821208
999984201
999716512
999981717
999846946
1549239094
999821208
1549239094
999821208
999776270
999490164
1549239094
1549239094
999846946
999776270
999846946
1549239094
999821208
999821208
999821208
1549239094
999981717
999846946
999785831
999846946
999821208
999776270
999981717
1549239094
999152143
1549239094
1549239094
1549239094
999776270
999821208
999716512
999846946
1549239094
999821208
998464772
999776270
1549239094
999984201
999952780
999832216
999846946
999981717
999821208
999554845
1549239094
999776270
999785831
999554845
999952780
999846946
998821661
999846946
1549239094
999952780
1549239094
999776270
999480673
999821208
998727962
1549239094
999981717
999821208
999846946
999952780
999952780
1549239094
999821208
999981717
999952780
999490164
1549239094
1549239094
999832216
999821208
998725053
999821208
1549239094
1549239094
999821208
999846946
999152143
999271317
999821208
999846946
999776270
997446511
999821208
999846946
999821208
1549239094
994516397
1549239094
999981717
999776270
999952780
1549239094
1549239094
999776270
998918173
999490164
1549239094
1549239094
999821208
999152143
999846946
999981717
999981717
999981717
1549239094
999981717
999846946
999981717
999846946
999776270
1549239094
999271317
1549239094
999776270
1549239094
1549239094
999846946
999981717
997161985
999821208
999846946
999776270
999846946
999490164
999271317
999271317
999832216
1549239094
999776270
999846946
999952780
999952780
999846946
1549239094
1549239094
999821208
999981717
999498933
1549239094
999821208
999846946
1549239094
999981717
999480673
999776270
1549239094
1549239094
1549239094
999776270
999527198
999832216
1549239094
999846946
999981717
1549239094
999952780
1549239094
999490164
999821208
999846946
991328812
999832216
999228759
999846946
999821208
999490164
999981717
1549239094
1549239094
999821208
1549239094
999490164
1549239094
999152143
999490164
999984201
997446511
999846946
977729780
999832216
999981717
999981717
1549239094
1549239094
999846946
1549239094
999956871
999152143
999299295
999984201
999846946
1549239094
997684172
997036554
1549239094
996299710
999981717
999981717
999981717
999554845
999952780
999821208
999821208
999952780
999055223
999981717
999821208
999846946
999821208
999152143
1549239094
1549239094
999981717
999821208
1549239094
1549239094
998717512
999832216
999821208
999776270
999846946
999821208
997446511
999981717
1549239094
999271317
999952780
999981717
999152143
999821208
999956871
999785831
996664155
1549239094
999490164
999490164
1549239094
1549239094
999846946
999821208
1549239094
999952780
999952780
999981717
999984201
999846946
1549239094
999821208
999821208
999776270
999981717
999952780
999846946
999952780
999821208
1549239094
999821208
999821208
1549239094
998725053
998717512
999821208
999984201
999776270
998717512
999776270
999952780
999776270
998605485
999952780
998725053
999152143
1549239094
999821208
1549239094
999821208
999821208
997446511
997036554
999055223
1549239094
999821208
999846946
1549239094
999776270
999952780
999152143
999981717
999821208
1549239094
981476340
999821208
1549239094
999710263
999956871
1549239094
999846946
1549239094
999776270
999846946
998717512
999152143
1549239094
999846946
999846946
998661626
1549239094
999981717
999821208
999152143
999821208
999821208
999776270
996960421
999956871
1549239094
1549239094
999846946
999846946
997446511
999846946
1549239094
998420026
999776270
999981717
999490164
999490164
999846946
999776270
999981717
999952780
999846946
1549239094
999846946
999776270
999821208
998785399
999846946
999821208
999981717
999981717
999716512
999821208
999846946
999271317
999981717
998429226
1549239094
999821208
999821208
1549239094
999981717
999821208
999984201
999846946
999776270
999981717
1549239094
999152143
998725053
1549239094
999821208
999776270
1549239094
999984201
999055223
999480673
998327124
999846946
999952780
999821208
999821208
998823744
998717512
1549239094
999490164
999846946
999846946
999710263
999981717
999821208
998615335
1549239094
1549239094
999846946
1549239094
1549239094
1549239094
980234125
999846946
999490164
997699326
1549239094
999821208
999952780
999821208
999846946
959887886
999984201
999846946
999981717
999846946
999846946
998725053
999490164
993398091
999981717
999776270
999956871
999776270
999821208
999984201
999846946
999776270
998821661
997104026
999055223
999562606
999776270
999821208
999821208
999952780
999821208
999152143
999981717
999152143
999821208
999480673
997899196
999846946
994100088
999821208
1549239094
999846946
999228759
999846946
997036554
999846946
1549239094
1549239094
1549239094
999832216
999846946
999554845
1549239094
999821208
999490164
999821208
999846946
1549239094
998725053
999846946
999055223
999821208
1549239094
999776270
999952780
999776270
999125872
999981717
1549239094
999821208
999981717
999479339
999956871
999952780
999527198
994663198
999490164
999152143
1549239094
999984201
999981717
1549239094
999846946
999981717
1549239094
999956871
999846946
999952780
999821208
999846946
999776270
999846946
995819213
999776270
999981717
999981717
999846946
999785831
999821208
999821208
999130840
999846946
999776270
1549239094
1549239094
999821208
999981717
999846946
1549239094
999821208
999490164
997036554
1549239094
999716512
999846946
1549239094
1549239094
997036554
997699326
999785831
1549239094
999235961
1549239094
999981717
996299710
999821208
999821208
999846946
999821208
1549239094
997446511
1549239094
999956871
999981717
999981717
999832216
999490164
999846946
998475073
999776270
999846946
1549239094
999846946
999821208
999846946
999821208
999821208
997956074
1549239094
999952780
999490164
999554845
999152143
999776270
999152143
999846946
998717512
999821208
994579012
999846946
999981717
1549239094
999821208
1549239094
1549239094
999846946
999952780
999846946
999776270
999490164
999821208
999821208
999776270
999821208
999821208
999776270
999821208
1549239094
969032843
999821208
1549239094
1549239094
999776270
1549239094
1549239094
999846946
999981717
999821208
999846946
999984201
999821208
999776270
999649069
999846946
999490164
999776270
999776270
1549239094
999821208
999846946
1549239094
999480673
999832216
999846946
1549239094
999821208
999343815
999952780
999490164
999821208
999152143
999846946
999846946
999846946
1549239094
993398091
999776270
1549239094
999343815
999480673
999832216
999846946
999952780
999776270
999821208
1549239094
999004907
999952780
1549239094
999952780
1549239094
1549239094
999776270
999846946
999776270
999821208
997446511
999984201
998436094
1549239094
999846946
999821208
1549239094
1549239094
1549239094
999480673
1549239094
999846946
997161985
999981717
999776270
999152143
999846946
999821208
999846946
1549239094
998725053
998725053
998823744
999716512
1549239094
999846946
999981717
999821208
1549239094
919005592
999981717
999490164
999152143
999271317
999832216
1549239094
999846946
999846946
999821208
999490164
999981717
999271317
999846946
1549239094
999846946
999952780
999846946
998725053
1549239094
983789193
1549239094
1549239094
998512566
999952780
999981717
999776270
999821208
999846946
1549239094
999821208
999981717
1549239094
1549239094
999846946
1549239094
999716512
999776270
1549239094
998319965
1549239094
999981717
1549239094
999821208
999490164
999952780
998512566
999776270
999981717
999851985
999821208
999776270
999846946
999981717
999776270
999981717
999956871
999846946
1549239094
999846946
999776270
1549239094
1549239094
999981717
1549239094
999554845
999490164
999490164
999271317
1549239094
999846946
996960421
1549239094
999846946
1549239094
999490164
999846946
999846946
999981717
999821208
992507968
999055223
999821208
1549239094
1549239094
999981717
999956871
974008330
999846946
999846946
999776270
998725053
999821208
999981717
999710263
1549239094
999152143
999981717
997699326
999846946
999821208
1549239094
999776270
999846946
999152143
999981717
997446511
999981717
999490164
999821208
999956871
999821208
995819213
999776270
999981717
1549239094
1549239094
999952780
999846946
1549239094
999821208
1549239094
1549239094
999055223
999776270
1549239094
998475073
999821208
999846946
999821208
999271317
999776270
1549239094
998725053
989649353
999981717
999716512
999981717
999479339
999821208
999152143
999821208
999776270
999821208
999846946
1549239094
999776270
1549239094
1549239094
999776270
998725053
1549239094
1549239094
999846946
1549239094
998717512
999821208
999846946
999776270
999952780
1549239094
1549239094
999776270
999484791
999846946
999981717
999984201
999984201
999785831
999490164
999846946
1549239094
1549239094
999981717
999776270
1549239094
995033172
999776270
1549239094
999846946
999821208
999821208
999152143
999846946
999981717
998717512
999152143
999821208
999984201
999776270
999981717
999846946
1549239094
999981717
999846946
999984201
998725053
1549239094
1549239094
999846946
1549239094
999821208
1549239094
999832216
999846946
1549239094
999981717
1549239094
999952780
999152143
999981717
999821208
999846946
999821208
999952780
1549239094
1549239094
999785831
999821208
999846946
999984201
999952780
1549239094
1549239094
1549239094
996483974
999271317
999776270
999776270
999952780
999821208
993614987
998918173
999984201
999952780
1549239094
1549239094
1549239094
1549239094
977729780
999490164
1549239094
1549239094
999846946
999821208
999846946
999981717
999846946
1549239094
999981717
999952780
1549239094
999981717
999846946
997446511
999554845
999271317
999981717
999821208
999981717
999952780
997446511
1549239094
1549239094
999984201
1549239094
1549239094
999271317
1549239094
999846946
999846946
999984201
1549239094
999490164
999952780
997036554
1549239094
